0.46442307692307694              precision    recall  f1-score   support

           0       0.49      0.33      0.40       132
           1       0.39      0.47      0.43       194
           2       0.40      0.29      0.34       176
           3       0.47      0.58      0.52       221
           4       0.56      0.53      0.55       208
           5       0.49      0.53      0.51       109

    accuracy                           0.46      1040
   macro avg       0.47      0.46      0.46      1040
weighted avg       0.47      0.46      0.46      1040
[[ 44,  69,  15,   4,   0,   0],
 [ 31,  91,  33,  37,   2,   0],
 [ 12,  54,  51,  57,   2,   0],
 [  3,  17,  21, 128,  42,  10],
 [  0,   0,   6,  41, 111,  50],
 [  0,   2,   2,   5,  42,  58]]