0.4855769230769231              precision    recall  f1-score   support

           0       0.55      0.23      0.33       132
           1       0.42      0.56      0.48       194
           2       0.45      0.31      0.37       176
           3       0.50      0.70      0.59       221
           4       0.55      0.54      0.54       208
           5       0.47      0.40      0.44       109

    accuracy                           0.49      1040
   macro avg       0.49      0.46      0.46      1040
weighted avg       0.49      0.49      0.47      1040
[[ 31,  81,  11,   9,   0,   0],
 [ 18, 108,  32,  34,   2,   0],
 [  6,  54,  55,  57,   4,   0],
 [  1,   9,  19, 155,  33,   4],
 [  0,   1,   4,  46, 112,  45],
 [  0,   3,   1,   7,  54,  44]]